
a = [ 1,2,3
       4,5,6
       7,8,9
        ]
b=[10,
    100,
    1000];
c=a*b