function [ X ] = dataX()

X = [ -1 -0.75 -0.5 -0.25 0 0.25 0.5 0.75 1 ];
%Y = [ 0.01 -0.02 0.02 -0.01 0 0.08 0.22 0.6 0.98 ];

end

